0.182387672 0.158453985 0.680480289 0.017455625 0.247859491 0.039011778 0.192395585 0.063314674 0.040131649 0.595650767 0.131608280 0.124236453
0.098844293 0.160404396 0.029451351 0.653614951 0.034899241 0.262676753 0.250984587 0.626771323 0.378384117 0.060059441 0.229060510 0.139201970
0.058836006 0.018859348 0.009138242 0.003916606 0.048458508 0.071952504 0.068848155 0.009667911 0.007060197 0.010358120 0.053901274 0.076029557
0.057686711 0.012914624 0.015248114 0.057188990 0.135071784 0.083577516 0.111756698 0.236769160 0.055207559 0.025159639 0.016321656 0.046256158
0.101424040 0.026087153 0.054422130 0.010091533 0.095175310 0.015793674 0.089026110 0.017334631 0.017093110 0.033251920 0.023328025 0.068906404
0.161774353 0.235480720 0.052686572 0.087376311 0.138213367 0.020185770 0.071449409 0.009147331 0.111370634 0.083129800 0.087898089 0.101093596
0.013559707 0.057761186 0.010466475 0.036100413 0.016619462 0.001908775 0.000340351 0.000642274 0.036256503 0.011417473 0.010987261 0.106492611
0.159179808 0.015380846 0.018187936 0.005924003 0.072158739 0.444693415 0.148271503 0.006125264 0.011041512 0.084777683 0.040923567 0.110689655
0.009899720 0.008233637 0.001469911 0.007964129 0.014015041 0.032040601 0.020153644 0.010519769 0.052818771 0.009946150 0.009474522 0.027487685
0.063862321 0.020545406 0.023004994 0.018972082 0.027623140 0.013406109 0.023727330 0.001913300 0.009289734 0.010416973 0.100716561 0.026965517
0.015675790 0.004793821 0.008447561 0.002618344 0.002588143 0.002815283 0.001653134 0.004563524 0.042626606 0.002412971 0.131608280 0.008354680
0.076869577 0.281084880 0.096996423 0.098777015 0.167317772 0.011937821 0.021393494 0.013230840 0.238719609 0.073419062 0.164171975 0.164285714
